"9db7bba31516c7b0b8967778495102c9"
"71c82736eaa42ca898704a46a88ecf6b"
(comment 0 1 2 1 2)
(preamble 0 32 61 32 61)
(0 0 32 61 53 60)
(brace 6 32 53 32 53)
(brace 9 59 61 60 61)
(1 0 62 89 80 88)
(brace 8 78 80 79 80)
(brace 9 87 89 88 89)
(1 0 90 114 106 113)
(brace 8 104 106 105 106)
(brace 9 112 114 113 114)
(1 0 115 136 127 135)
(brace 0 115 127 115 127)
(brace 9 134 136 135 136)
(1 0 137 158 149 157)
(brace 0 137 149 137 149)
(brace 9 156 158 157 158)
(1 0 159 181 171 180)
(brace 0 159 171 159 171)
(brace 9 179 181 180 181)
(1 0 182 200 194 199)
(brace 0 182 194 182 194)
(brace 9 198 200 199 200)
(1 0 201 221 213 220)
(brace 0 201 213 201 213)
(brace 9 219 221 220 221)
(1 0 222 239 234 238)
(brace 0 222 234 222 234)
(brace 9 237 239 238 239)
(1 0 240 261 252 260)
(brace 0 240 252 240 252)
(brace 9 259 261 260 261)
(1 0 262 283 274 282)
(brace 0 262 274 262 274)
(brace 9 281 283 282 283)
(1 0 284 304 296 303)
(brace 0 284 296 284 296)
(brace 9 302 304 303 304)
(1 0 305 326 317 325)
(brace 0 305 317 305 317)
(brace 9 324 326 325 326)
(1 0 327 347 339 346)
(brace 0 327 339 327 339)
(brace 9 345 347 346 347)
(1 0 348 369 360 368)
(brace 0 348 360 348 360)
(brace 9 367 369 368 369)
(brace 8 400 402 401 402)
(brace 9 407 409 408 409)
(brace 8 411 413 412 413)
(brace 8 419 421 420 421)
(brace 9 422 424 423 424)
(brace 9 423 425 424 425)
(brace 8 432 434 433 434)
(brace 9 444 446 445 446)
(brace 8 453 455 454 455)
(brace 9 458 460 459 460)
(brace 8 465 467 466 467)
(brace 9 472 474 473 474)
(brace 8 485 487 486 487)
(brace 8 501 503 502 503)
(brace 9 502 504 503 504)
(brace 8 518 520 519 520)
(brace 9 519 521 520 521)
(brace 8 535 537 536 537)
(brace 9 565 567 566 567)
(brace 9 566 568 567 568)
(preamble 1 570 586 570 586)
(environment 2 570 586 570 586)
(brace 3 570 577 570 577)
(brace 9 584 586 585 586)
(brace 8 610 612 611 612)
(brace 9 619 621 620 621)
(brace 8 620 622 621 622)
(brace 9 622 624 623 624)
(brace 8 649 651 650 651)
(brace 9 653 655 654 655)
(section 0 657 703 666 702)
(brace 8 664 666 665 666)
(brace 9 701 703 702 703)
(label 0 704 717 711 716)
(brace label 704 711 704 711)
(brace 9 715 717 716 717)
(brace 8 842 844 843 844)
(brace 9 843 845 844 845)
(environment 2 866 880 866 880)
(brace 3 866 873 866 873)
(brace 9 878 880 879 880)
(environment 2 881 896 881 896)
(brace 3 881 888 881 888)
(brace 9 894 896 895 896)
(brace 8 895 897 896 897)
(brace 9 899 901 900 901)
(environment 3 1411 1424 1411 1424)
(brace 4 1411 1416 1411 1416)
(brace 9 1422 1424 1423 1424)
(environment 3 1425 1437 1425 1437)
(brace 4 1425 1430 1425 1430)
(brace 9 1435 1437 1436 1437)
(section 0 1438 1485 1447 1484)
(brace 8 1445 1447 1446 1447)
(brace 9 1483 1485 1484 1485)
(label 0 1486 1499 1493 1498)
(brace label 1486 1493 1486 1493)
(brace 9 1497 1499 1498 1499)
(environment 2 1501 1516 1501 1516)
(brace 3 1501 1508 1501 1508)
(brace 9 1514 1516 1515 1516)
(comment 0 1591 1592 1591 1592)
(comment 0 1636 1637 1636 1637)
(brace 8 1690 1692 1691 1692)
(brace 9 1701 1703 1702 1703)
(brace 8 1705 1707 1706 1707)
(brace 9 1706 1708 1707 1708)
(brace 8 1723 1725 1724 1725)
(brace 9 1743 1745 1744 1745)
(brace 8 1747 1749 1748 1749)
(brace 9 1748 1750 1749 1750)
(comment 0 1815 1816 1815 1816)
(environment 3 1817 1830 1817 1830)
(brace 4 1817 1822 1817 1822)
(brace 9 1828 1830 1829 1830)
(section 0 1831 1906 1840 1905)
(brace 8 1838 1840 1839 1840)
(brace 9 1904 1906 1905 1906)
(label 0 1907 1920 1914 1919)
(brace label 1907 1914 1907 1914)
(brace 9 1918 1920 1919 1920)
(environment 3 1922 1936 1922 1936)
(brace 4 1922 1927 1922 1927)
(brace 9 1934 1936 1935 1936)
